map_2_seed_15.tsv	-0.032045566717182276	0.056593021019788574	nan	-0.02480704351708704
map_2_seed_14.tsv	-0.01911412881315676	0.023719636870182487	nan	-0.03930270045404267
map_2_seed_13.tsv	-0.054803016606322405	-0.05006245397517041	nan	0.04868276037103388
map_2_seed_47.tsv	0.010427139943443114	0.0404298804066425	nan	-0.024976314724365255
map_2_seed_0.tsv	0.033585907415427024	0.08948909365723726	nan	-0.12429602881038117
map_2_seed_49.tsv	0.01007517617259343	0.09534423139509392	nan	-0.19754955656372458
map_2_seed_10.tsv	0.18794175582011935	0.12798163572491777	nan	-0.1535052376637712
map_2_seed_11.tsv	0.045163412951009854	0.018863119746157002	nan	-0.07028371418217029
map_2_seed_48.tsv	-0.0022305503603701096	0.04948741640563553	nan	-0.05444818707742092
map_2_seed_29.tsv	0.043736236238730124	-0.003836627779337858	nan	-0.05281091315379429
map_2_seed_2.tsv	0.041136974417164886	0.10720069543213738	nan	-0.07662936962938817
map_2_seed_19.tsv	-0.04990784559323928	-0.06423817349066412	nan	0.04059404554540649
map_2_seed_89.tsv	-0.05642198469589968	-0.08314355183592138	nan	0.07757543608354547
map_2_seed_18.tsv	0.03441745969672318	-0.008126385347328506	nan	0.003523012278321415
map_2_seed_42.tsv	-0.012362750265903702	0.03949603324076353	nan	-0.05944494212105956
map_2_seed_33.tsv	-0.002606844290017975	0.00883029849263037	nan	-0.014642086752551395
map_2_seed_31.tsv	-0.015243100867287317	-0.07770279900678495	nan	0.03860269158424812
map_2_seed_32.tsv	-0.020628907450197364	0.020365382318197126	nan	-0.01480836575591647
map_2_seed_4.tsv	-0.0340777428153526	-0.004253602409503156	nan	-0.006654059448587258
map_2_seed_81.tsv	0.05606021151364732	-0.02594646653828991	nan	-0.025241151075709532
map_2_seed_83.tsv	0.09106499883925931	0.02468542612711921	nan	-0.05235735842429072
map_2_seed_51.tsv	0.002808320212281378	0.036474711264943185	nan	-0.030918962309715702
map_2_seed_43.tsv	0.000860513129537076	-0.004990151548858183	nan	0.02600527964130603
map_2_seed_44.tsv	0.004354620698316236	0.04057807115859669	nan	-0.12255836604189192
map_2_seed_45.tsv	-0.01401835069555846	-0.0011172290946219144	nan	-0.012266922754554602
map_2_seed_50.tsv	0.00401625738580441	0.018419846082799517	nan	-0.06466609029968538
map_2_seed_28.tsv	0.03923405088102403	-0.051119268423419954	nan	0.002465130654007611
map_2_seed_26.tsv	-0.018531278681751768	-0.1078134936672908	nan	0.024977286883499605
map_2_seed_25.tsv	0.12231807843862284	0.10899688900273902	nan	-0.11551434759559283
map_2_seed_24.tsv	0.02732922750172283	0.004323765201025917	nan	-0.0219213911363379
map_2_seed_52.tsv	-0.006002480377763893	0.02321806375846175	nan	-0.05178837439816201
map_2_seed_1.tsv	-0.06597046166564094	-0.027332975431291952	nan	0.031120428775482187
map_2_seed_3.tsv	-0.04586996617032302	-0.014919414402591025	nan	0.047189009242006454
map_2_seed_22.tsv	-0.058207078079275915	-0.081685739712489	nan	0.05456623071666246
map_2_seed_79.tsv	-0.09674364298040129	0.002629100023699175	nan	0.011429186247738428
map_2_seed_78.tsv	0.015949021035154644	0.02525284561805557	nan	-0.04204819119669178
map_2_seed_7.tsv	-0.01956267132593876	-0.0271897771424924	nan	0.006509679222124934
map_2_seed_97.tsv	-0.029600825669934706	-0.019602315844188693	nan	0.04249465232456297
map_2_seed_76.tsv	0.029337988656448523	-0.040871368316168194	nan	-0.04191514417752444
map_2_seed_80.tsv	-0.07594294289178755	-0.02459362454491761	nan	0.034747995091465526
map_2_seed_96.tsv	-0.07723848650533739	-0.0291767320562205	nan	0.015642111627720005
map_2_seed_95.tsv	-0.03465394106507911	0.06042061383921069	nan	-0.06852854051757548
map_2_seed_20.tsv	-0.060344923801109646	0.08295713724294197	nan	-0.09280979259331514
map_2_seed_77.tsv	0.026633233539263505	0.015552684499587776	nan	-0.02844584119386273
map_2_seed_23.tsv	-0.07526531994698078	0.023715897909123516	nan	0.001956633315937772
map_2_seed_98.tsv	-0.03792926714275389	0.05564059085870127	nan	-0.04002662015110034
map_2_seed_99.tsv	0.02168271410245046	0.002560191371136439	nan	-0.06474649916655408
map_2_seed_9.tsv	-0.03961913030831652	-0.020450425670265407	nan	-0.03833981011506184
map_2_seed_41.tsv	-0.0039558468262899235	0.008226680717889623	nan	-0.002260572061532469
map_2_seed_40.tsv	-0.026014567973832472	0.02565781189656685	nan	-0.009113450566599887
map_2_seed_21.tsv	-0.034396404318183006	0.05999819401583242	nan	-0.06780652556116613
map_2_seed_74.tsv	0.009024911197947167	0.050210574445275824	nan	0.0020872308936139704
map_2_seed_75.tsv	-0.017645594548330767	0.024420103486454948	nan	-0.057836180777040044
map_2_seed_91.tsv	-0.034361036860364944	-0.025491232492369363	nan	0.05207875111497875
map_2_seed_37.tsv	-0.1094789112752671	-0.029783579959928363	nan	-0.02634872557397782
map_2_seed_85.tsv	-0.019101449280814815	-0.04441917242137254	nan	0.028576198894795946
map_2_seed_38.tsv	0.006713942632915358	-0.020302951950829966	nan	-0.009350306555400957
map_2_seed_94.tsv	-0.04990784559323928	-0.06423817349066412	nan	0.04059404554540649
map_2_seed_84.tsv	-0.03480126033335014	0.008345993817856943	nan	-0.03132848639889229
map_2_seed_92.tsv	-0.03644620376667246	-0.10374995758231029	nan	-0.023857143219002175
map_2_seed_86.tsv	0.0010678757973445305	-0.037433105517485396	nan	-0.048592425768637856
map_2_seed_34.tsv	-0.015093961979843046	0.01237485451836803	nan	-0.01418765111423803
map_2_seed_35.tsv	-0.010762793762900565	0.03671215497893751	nan	-0.05777078507749807
map_2_seed_36.tsv	0.0025410390117639294	0.04574990867430786	nan	-0.033000283795748986
map_2_seed_82.tsv	0.0895575635136403	0.08491470541163823	nan	-0.18985240903686326
map_2_seed_27.tsv	0.0018733152523464592	-0.06248446805103541	nan	0.019373916171245623
map_2_seed_30.tsv	0.14249014552377928	-0.012397934967740411	nan	-0.0586578841841639
map_2_seed_17.tsv	-0.04485475946953914	-0.03750591993415268	nan	0.03989258593328859
map_2_seed_16.tsv	-7.034508209418465e-05	-0.04203458567123685	nan	-0.019913033069651358
map_2_seed_88.tsv	-0.02374068131404031	0.10013084912206516	nan	-0.04817860895533629
map_2_seed_87.tsv	0.021208245717378466	0.05245589035277475	nan	-0.05008675563447169
map_2_seed_46.tsv	0.0027959974003965915	0.035292564315831464	nan	-0.053541052086748635
map_2_seed_12.tsv	0.06413488360398986	0.1146918439172501	nan	-0.12647368602549014
map_2_seed_39.tsv	-0.08136422808303867	-0.038224633318216183	nan	0.06600767254022123
map_2_seed_93.tsv	0.03441745969672318	-0.008126385347328506	nan	0.003523012278321415
map_2_seed_73.tsv	-0.054069477936473063	-0.03423507474972822	nan	0.035537019150430824
map_2_seed_6.tsv	-0.049230091436744595	-0.028150513668116356	nan	0.0017321701163851982
map_2_seed_64.tsv	0.1813348727313306	0.08745996549219552	nan	-0.167347258278521
map_2_seed_65.tsv	0.009173267816965085	-0.014140221244858638	nan	-0.011249452551206228
map_2_seed_69.tsv	0.05954884780989749	0.049415451621382195	nan	-0.08860138716319382
map_2_seed_66.tsv	-0.013114967896360647	-0.0014898108249511038	nan	0.011177134421122153
map_2_seed_68.tsv	-0.045353695556215184	-0.037781505754851556	nan	0.010790317069770624
map_2_seed_67.tsv	0.03023988614194067	0.03908317494982812	nan	-0.11309511056001716
map_2_seed_55.tsv	0.043333726499460296	-0.049469019559622664	nan	-0.020401831354826212
map_2_seed_63.tsv	-0.0860524428275163	-0.0661950627767613	nan	0.025208846015111492
map_2_seed_62.tsv	-0.04754905542204632	0.019937491768029104	nan	-0.010843427624941263
map_2_seed_70.tsv	-0.015243100867287317	-0.07770279900678495	nan	0.03860269158424812
map_2_seed_72.tsv	-0.012783984719570799	0.03435037438424102	nan	-0.023736139285253116
map_2_seed_8.tsv	0.013789159177964704	0.012818172469414526	nan	0.008914585747309434
map_2_seed_90.tsv	0.11305201101120954	0.14217807425432946	nan	-0.2158163702544284
map_2_seed_61.tsv	0.011304324821358425	-0.03772107808251682	nan	0.027140465422808183
map_2_seed_60.tsv	0.003614735533554537	0.004562451534388081	nan	0.004847461661986372
map_2_seed_59.tsv	0.06199362504822248	0.09617230104072055	nan	-0.08040647831306186
map_2_seed_5.tsv	0.03441745969672318	-0.008126385347328506	nan	0.003523012278321415
map_2_seed_71.tsv	0.04145114853375325	0.06910202259682571	nan	-0.08146358792436549
map_2_seed_54.tsv	-0.018179432313221576	0.04755794401144256	nan	-0.05471033711048347
map_2_seed_58.tsv	0.028275455721171794	-0.014071215680578534	nan	-0.042161454441051606
map_2_seed_57.tsv	-0.019367400791703317	0.01020098621125337	nan	-0.041280496734186524
map_2_seed_56.tsv	0.03168331206272584	0.10542073246674212	nan	-0.16995639757467138
map_2_seed_53.tsv	-0.011288122576144421	0.08590068917731208	nan	-0.0763662665132456
map_3_3_L.tsv	-0.05326446102005805	0.0023359088651609475	nan	-0.031750060011467365
map_3_3_M.tsv	0.0004745324865906647	0.09153458415737097	nan	-0.08413942345047233
map_3_3_K.tsv	-0.032022734135269584	-0.04857490907545917	nan	0.018279716901393524
map_3_0_N.tsv	-0.009225375159909299	-0.06577782862435796	nan	-0.0009976302746737423
map_3_0_T.tsv	0.01917716884364642	-0.0013993822025781836	nan	-0.04379774192008483
map_3_1_E.tsv	0.07572157453533543	0.003932149990062186	nan	-0.060800783943677966
map_3_1_H.tsv	-0.006196987840909933	0.03574004938409248	nan	-0.1242325075293835
map_3_3_W.tsv	-0.07336360460828509	0.056380510860008635	nan	-0.09960604744343049
map_3_2_K.tsv	0.08407792688817511	0.034338567823036896	nan	-0.06532917119062631
map_3_1_M.tsv	0.045516637809977216	0.029600207741591115	nan	-0.08904185548833211
map_3_1_I.tsv	-0.030823067350804617	0.04746933855012511	nan	-0.12058819730227303
map_3_1_N.tsv	0.0004218850036426697	0.039150127042564764	nan	-0.0818052279709105
map_3_2_L.tsv	0.02688966881622273	-0.011016875257798013	nan	-0.028885346219716113
map_3_3_F.tsv	-0.01524964366770373	0.12809757574528716	nan	-0.1439172079881869
map_3_3_N.tsv	-0.10714190055556562	-0.021167505654942676	nan	-0.06985351022419593
map_3_0_M.tsv	-0.002928441494582383	-0.035720794463174985	nan	0.028103322864996325
map_3_3_V.tsv	0.02781982431577287	0.048596442277573704	nan	-0.11411412304357427
map_3_0_F.tsv	0.038551265755368866	0.09787727569401272	nan	-0.09515947604797571
map_3_0_D.tsv	0.020095240650476662	-0.0418301156013767	nan	-0.016004048065633995
map_3_2_M.tsv	-0.0008886085178012522	0.01476698775255196	nan	-0.0605266740680278
map_3_0_Y.tsv	0.04923403490327031	0.08035619129360069	nan	-0.07618304480715518
map_3_3_Y.tsv	-0.03555285549660384	-0.04121592295266693	nan	0.015591276578648757
map_3_3_E.tsv	0.05600235509370475	0.053388085598460665	nan	-0.059526395931616405
map_3_0_C.tsv	0.037311967003762124	0.07601935057761668	nan	-0.09923517226708768
map_3_1_G.tsv	0.030773239831573276	-0.019730255957091575	nan	-0.07157707200188662
map_3_2_Q.tsv	0.10849048598134507	0.07419188833372224	nan	-0.06387727528758243
map_3_1_K.tsv	-0.012864180166420484	0.062184702822465916	nan	-0.07201884289682173
map_3_1_D.tsv	0.008535810671846143	-0.0039856629435027595	nan	-0.09602899353562382
map_3_1_C.tsv	-0.039223046404902144	0.0007514467626334032	nan	-0.10918187935781934
map_3_1_F.tsv	0.13065690294588503	0.04694963683691501	nan	-0.15740494595841903
map_3_2_I.tsv	0.006353648971298041	0.0012337736023366296	nan	-0.035146403558114374
map_3_2_F.tsv	0.013356100238105663	0.034872564509008525	nan	-0.09230714995759248
map_3_3_G.tsv	0.11057001832419315	0.032114147132846556	nan	-0.10383114938840775
map_3_2_H.tsv	0.12902304594551062	0.03715838746543694	nan	-0.09769777806389487
map_3_3_C.tsv	0.02698965432901407	0.06662055205368862	nan	-0.121354189471384
map_3_3_P.tsv	0.06324387323931417	0.04095107067083627	nan	-0.1228647346070786
map_3_1_L.tsv	0.10565850994770597	0.06907172854912709	nan	-0.13110771648673314
map_3_1_A.tsv	0.0009821000368197602	0.020103688483299933	nan	-0.08965601874573054
map_3_0_A.tsv	0.018683833650633863	-0.00802057355477338	nan	-0.038604868685087314
map_3_2_T.tsv	-0.03639549582091488	-0.04224083386721215	nan	0.005053182346020933
map_3_1_R.tsv	-0.03007548867416377	-0.008609246935296012	nan	-0.028003655140943082
map_3_3_D.tsv	0.055059416297756666	0.04794623157341508	nan	-0.12199740369184331
map_3_3_S.tsv	0.006244838015637972	0.07402421277308734	nan	-0.08948404667612958
map_3_3_I.tsv	0.05729284167724932	0.027245225240844172	nan	-0.09119432884987108
map_3_2_A.tsv	-0.038985055277546476	-0.021871249950972418	nan	-0.007831219826085567
map_3_0_L.tsv	0.011667290389688646	0.002982938396167628	nan	-0.009135212361804852
map_3_3_A.tsv	-0.034259378222440726	-0.0013932851876446812	nan	-0.02942364220007176
map_3_1_P.tsv	0.08521933654073702	-0.025696957279643252	nan	-0.06696713335204152
map_3_0_K.tsv	-0.014801200693447694	0.017579683216139442	nan	-0.05375673365746073
map_3_0_V.tsv	0.005382848197536916	0.04220647282122373	nan	0.019272791726742285
map_3_1_Y.tsv	0.14379798998109153	0.08497570262039839	nan	-0.1682100335381552
map_3_1_Q.tsv	0.06798179689539771	0.02876125530525793	nan	-0.061357165262870786
map_3_0_E.tsv	0.0626075504993328	0.00017090609029207557	nan	-0.04528536739190018
map_3_0_W.tsv	-0.01235137162116042	0.00012646755778818517	nan	0.0018498527542797952
map_3_0_I.tsv	-0.06217390205055059	-0.06306434950287887	nan	0.06590727655703456
map_3_0_H.tsv	0.028918178214040375	0.06401164937186171	nan	-0.1648436384487514
map_3_3_H.tsv	0.11950192630918696	0.2001156316425421	nan	-0.2694238601208322
map_3_2_G.tsv	0.07060189671942174	0.08417547516792175	nan	-0.16603504898215268
map_3_0_G.tsv	0.027229344289615195	0.029006908877991327	nan	-0.07357134945629551
map_3_1_T.tsv	-0.01676202112245161	0.0032265269140715172	nan	-0.07044605870962119
map_3_1_S.tsv	0.040439992257408304	0.0555682327081836	nan	-0.11094087534313636
map_3_2_N.tsv	-0.012878010828063164	-0.050779083197639484	nan	0.012265590379701144
map_3_2_P.tsv	0.03310719487851845	0.007432493245955631	nan	-0.051759361485044265
map_3_1_V.tsv	-0.1077150305194136	-0.02552325816819246	nan	-0.035555487487402684
map_3_1_W.tsv	0.004355289433681807	-0.03916763223151483	nan	-0.02955880430480268
map_3_2_E.tsv	0.1311548907192087	0.051363749211576507	nan	-0.06941155855188776
map_3_2_W.tsv	-0.012927734327556473	0.005583594312705359	nan	-0.061511340267711434
map_3_2_D.tsv	0.12241836264070168	0.07908017048181817	nan	-0.11927715472600849
map_3_2_C.tsv	-0.017086977279565606	0.03702861224080557	nan	-0.05357781769139856
map_3_3_R.tsv	0.0306251471904815	0.00979625074035817	nan	-0.014156623055277396
map_3_2_S.tsv	-0.10045271971038719	0.012606563057022877	nan	0.015735419615162175
map_3_2_R.tsv	-0.038869188821296634	-0.00433280381039427	nan	-0.01459919349161448
map_3_3_T.tsv	0.044432860101690216	-0.02615235563772844	nan	-0.02274804602447985
map_3_2_V.tsv	-0.024531413447243907	-0.007435285731319568	nan	-0.02689215385292816
map_3_3_Q.tsv	0.025465839333805394	0.06149034261974681	nan	-0.06499210714127875
map_3_0_Q.tsv	0.009905269692892394	0.013641572895710519	nan	-0.03978789100398521
map_3_0_S.tsv	-0.018240738261022724	-0.03251777662402879	nan	0.005911385492619867
map_3_0_R.tsv	-0.016002865987305676	0.009210707021953495	nan	-0.03624839900210322
map_3_0_P.tsv	0.022117208705389715	0.03085051971979674	nan	-0.05535919820540906
map_3_2_Y.tsv	-0.009556764974633853	0.048856213616389206	nan	-0.05179646578636863
