map_2_seed_41.tsv	-0.03971884973704602	0.0017455284657501133	0.12073223476649708	-0.13223876926035297	-0.007512460598762969	-0.012194446153976699
map_2_seed_40.tsv	0.001581365406617934	-0.03939624007899529	0.07986351290537823	-0.13149980817263524	0.03839288598099811	-0.09926527223259855
map_2_seed_74.tsv	0.02367066466153262	-0.016759867713165125	0.06424780013708582	-0.04992572231174773	-0.031083644659693606	0.031289900965586044
map_2_seed_65.tsv	-0.013462244873009933	0.04005005508959168	0.040639528550687046	0.0929816393564955	-0.19930672686385284	-0.035798634973146504
map_2_seed_77.tsv	-0.041675170164222536	0.020517838805520314	-0.11122895293385343	0.17220864226480295	-0.08010912859146985	-0.034410750897009255
map_2_seed_47.tsv	0.01253643487681086	0.029220536310548467	0.13875087553278848	0.030868198892927284	-0.1782167636640875	0.055605102161571295
map_2_seed_76.tsv	0.03336898135433551	-0.017557220551675395	0.11896818531366558	0.1004249668904742	-0.24064659792396723	0.11925771076441921
map_2_seed_20.tsv	-0.059928225735715726	-0.08492981395124016	0.2170090110314862	0.020327456984233615	-0.34112734650609633	0.029289311291523446
map_2_seed_66.tsv	-0.043701810685623635	0.07545335054421141	0.03513818048152715	0.05607314443674151	-0.11697703073390821	-0.05589432488252932
map_2_seed_75.tsv	-0.06573710155048737	-0.018018836133011563	-0.024468341153447187	0.11324613955956928	-0.07232776872118075	-0.04754176620286674
map_2_seed_64.tsv	-0.15912262841904765	-0.004490176801606547	0.2576415650681667	-0.08180095543743097	-0.2875864344723915	0.18907060494262098
map_2_seed_50.tsv	-0.04344044843136156	-0.038199141120920994	-0.05576123244463848	0.1793219466966512	-0.1947780766830548	0.08817556502931596
map_2_seed_53.tsv	-0.04237610675914469	-0.08567363768713034	-0.02124590413733293	0.018349288398344803	0.010212344276557749	-0.03427670093115988
map_2_seed_0.tsv	-0.10383473452738774	-0.051288921732555046	0.010165248086026889	0.006689251663950835	-0.025657366556376373	0.10126494994649814
map_2_seed_19.tsv	0.03804392775278862	0.038675716505157366	0.1522062614017823	0.025540239232389295	-0.1878597060722777	-0.0253488913880946
map_2_seed_43.tsv	0.01525863350955669	0.03639419374144997	0.12233349119379046	-0.08923861064699226	-0.05570140865499096	-0.0006390951586078251
map_2_seed_29.tsv	-0.030544220441273567	-0.019598152723126948	0.048036743270272894	0.03261247943006264	-0.14082203764514228	0.1415748969287126
map_2_seed_44.tsv	-0.025788558658241364	-0.017618129270176214	0.10017722902886897	0.04483921920452037	-0.21397584519565693	0.16183674984715865
map_2_seed_67.tsv	-0.07971720995166316	-0.017561260987800757	0.10951005547615035	0.0034509674958207257	-0.1523973654861398	0.041817868768652004
map_2_seed_61.tsv	0.015037369181806311	0.057403388023987596	0.002924645851388051	0.14764864610642064	-0.1697903925914709	-0.08423265915541829
map_2_seed_49.tsv	-0.15230058006861405	-0.055572249564202404	0.1685059825064199	-0.10743524415026609	-0.09659312320200732	0.07431154766820404
map_2_seed_45.tsv	-0.026562993119800222	0.08103622014234142	0.12019519562415867	0.111941486747961	-0.2234772238468808	-0.06181426366243854
map_2_seed_68.tsv	-0.027293209245490873	0.06469871240110354	0.14863669445207495	0.008136227714368666	-0.2095686631695207	-0.05742132739311325
map_2_seed_62.tsv	-0.019610021364484045	-0.022873691671343073	0.08219287212542836	0.003143122401177335	-0.10722528891039106	0.025872273828224206
map_2_seed_63.tsv	0.060793310316382916	-0.07360640048768599	0.07667228859779415	0.004633867871030095	-0.11173550929487724	-0.029481888667609094
map_2_seed_54.tsv	-0.04510932299899192	-0.04379248130780199	0.052568835130626684	0.10610662282707428	-0.2040350955383374	0.15152648771294278
map_2_seed_2.tsv	-0.06912498287378699	0.06251949407295768	0.18909868635543364	-0.06844342243776694	-0.1730905119958779	0.0248633552548832
map_2_seed_1.tsv	-0.010224050005767026	0.025823438713196423	0.19496034154112196	0.06364819337316699	-0.23356816975951503	-0.0805024757105678
map_2_seed_52.tsv	0.014677217201944544	-0.01668639538845741	-0.028824666406063244	0.12364694287364986	-0.1086646216748322	-0.018997857006668627
map_2_seed_51.tsv	-0.028471435043096783	0.018632356962621957	0.06352621095741451	-0.027754674313008095	-0.06013834252471767	0.044288174862445136
map_2_seed_30.tsv	-0.006864677946914749	0.10837903630867887	0.06473525169163491	0.2002196151171361	-0.30107931854823433	0.16086555083763718
map_2_seed_60.tsv	0.008688883772847678	-0.01838103062867106	0.2650911472822454	-0.24557255832461816	-0.0020611891592241913	0.036405583299728574
map_2_seed_42.tsv	-0.01813843812028787	-0.013931984086483228	0.03213343881422185	0.013616027565730963	-0.0655477979511306	-0.057083806842828794
map_2_seed_4.tsv	0.011475175498708304	0.002952560324259619	0.06709782184147343	0.158826970220913	-0.1988382689103907	-0.05222974014304987
map_2_seed_48.tsv	-0.051463688279845356	-0.003278909853952966	0.012373256770139139	-0.052380109458268494	0.03874253402823829	0.012834243791870214
map_2_seed_83.tsv	-0.001550557481185023	-0.03317878705025354	0.1414611715175263	-0.017819242582073718	-0.17547280408663446	0.16785115490862362
map_2_seed_31.tsv	0.054356903482800416	-0.0112015808530766	0.01754909772090077	0.08939268900325548	-0.12543894836106262	0.12759169634022097
map_2_seed_84.tsv	-0.0005258372919580351	-0.08662394975169688	0.012673001480411452	-0.005538695901640993	-0.011534343734807075	0.08085129269738879
map_2_seed_72.tsv	-0.04147365808718669	0.011040629976651619	0.20887785422478003	-0.19330610219928906	-0.09265276133937911	0.08549841544843764
map_2_seed_95.tsv	-0.04372203675422634	-0.021022534228281046	0.16340459942220337	-0.13407102196730972	-0.034848539049287246	-0.01579150673500217
map_2_seed_88.tsv	0.03012594628120184	-0.10637643192455205	0.13982187902824234	-0.0663549596703891	-0.10440653955448743	0.062149201537823995
map_2_seed_73.tsv	0.08105834924999689	0.03110741871422667	0.11477889182822419	-0.12453719067930799	-0.01057995546195251	0.0926783422144543
map_2_seed_46.tsv	-0.05185606281020962	-0.04573017298317949	0.01804223112532275	-0.057260030458568915	0.05003796612502546	0.06296060733293671
map_2_seed_92.tsv	0.040325811359185476	-0.09531331217028466	0.25403576686961576	-0.12317200641844278	-0.20116108082496625	0.16000459591443192
map_2_seed_5.tsv	0.020973730571307653	-0.026327378270758657	0.04019390701376053	-0.10578064402493073	0.057565287659567484	0.03150854245465052
map_2_seed_80.tsv	-0.04263592062829094	0.032392241665974895	0.08424342724507156	-0.03871717465243001	-0.06790911849523604	-0.04192840279977778
map_2_seed_57.tsv	-0.0557214065994208	-0.08289502207534263	-0.07588246258106456	0.08958798525426874	0.0014377025378799044	0.026994140351029847
map_2_seed_58.tsv	-0.07879878082262023	0.00635040419702506	0.062224944679452415	-0.11636768608450145	0.024849291477935503	0.14011976800929077
map_2_seed_21.tsv	-0.009471945825486033	-0.16009038719332713	0.14453091383439728	-0.1070282026696165	-0.10526593807893053	0.09740833235315262
map_2_seed_15.tsv	-0.025364297322132152	-0.013221755280959273	0.06270989533575284	0.08611121849047217	-0.19694213574064864	0.015364233512408574
map_2_seed_9.tsv	-0.023557295650763654	-0.00980597830733095	-0.02411992425615053	0.14975530494400796	-0.16695618879851593	0.10406654973373718
map_2_seed_81.tsv	-0.010869772474559398	0.07017815451595734	0.11403309495251059	-0.047148095421487214	-0.0875344732403832	0.10158325230959489
map_2_seed_56.tsv	-0.13219457386003014	-0.05055264164281025	-0.018343463931799888	0.23768767734634894	-0.2877955570388951	0.027546462672458923
map_2_seed_55.tsv	-0.0037607670582006088	0.04580506208226248	0.0957498592043337	-0.01300152882164569	-0.09285150241981924	0.11296902363833257
map_2_seed_97.tsv	0.05392337989287028	0.004314657980168958	0.06709062824676984	0.04307217475365018	-0.16495567784331958	-0.001580262642548926
map_2_seed_98.tsv	-0.0015168138395054158	-0.09861794156801991	0.04947861140956671	-0.0027691030643341615	-0.06735510581470935	0.0098152403332746
map_2_seed_13.tsv	0.017466349902130977	0.0009285844716309502	0.11578132847204001	-0.19473626380070388	0.08377168592933788	-0.08520113604765185
map_2_seed_99.tsv	-0.06768239814336431	0.07551002163440985	0.15771960888219225	-0.07420236580113079	-0.11868182672846168	0.19313175800207436
map_2_seed_82.tsv	-0.07249847432613991	-0.037775992756398535	0.17970928109372936	-0.12698467798391289	-0.10300680238717753	0.1595965733661108
map_2_seed_3.tsv	0.08744953838532808	-0.03268497399720093	0.0007334822590268814	0.052301621567589815	-0.07272773776643054	0.012340980746755529
map_2_seed_39.tsv	0.043155620339378156	-0.04246016472251494	0.24604023920096885	-0.21211617280394882	-0.11551207422433493	0.1528966024970375
map_2_seed_85.tsv	0.009577869155730707	0.03412698478060634	0.25900347531081336	-0.18046189947829389	-0.14059447416646814	-0.006565973084396335
map_2_seed_90.tsv	-0.10600103583602528	-0.06136146050166109	0.17625569001759636	0.007775388292886112	-0.20777209638573774	0.03280912358326561
map_2_seed_93.tsv	0.020973730571307653	-0.026327378270758657	0.04019390701376053	-0.10578064402493073	0.057565287659567484	0.03150854245465052
map_2_seed_94.tsv	0.03804392775278862	0.038675716505157366	0.1522062614017823	0.025540239232389295	-0.1878597060722777	-0.0253488913880946
map_2_seed_89.tsv	0.017313810130985798	0.10612802521916236	0.2027771582875961	-0.02051897532504851	-0.22776118466501033	-0.06921780415734147
map_2_seed_12.tsv	-0.11901261331677518	-0.022462884109677245	0.11759944891857066	-0.1377087403050109	-0.02904775070009042	-0.04242130781011862
map_2_seed_87.tsv	-0.07603732674539525	0.04294602146862476	0.23105901196331363	-0.03401518397849123	-0.19176018319043847	0.009032614527125508
map_2_seed_71.tsv	-0.0814770527997769	-0.07965111570481462	0.19382555557319314	-0.08158107114085514	-0.15587641003323421	0.10889606836342111
map_2_seed_6.tsv	-0.0034225437306404866	-0.06384130543138362	0.0026423406470497124	-0.0864240475779325	0.09088130946914684	-0.012572026341683395
map_2_seed_69.tsv	0.008551719767664353	-0.03486009025609857	-0.00397917065783988	0.13603807796932543	-0.15576589186411696	0.07295857372972188
map_2_seed_70.tsv	0.054356903482800416	-0.0112015808530766	0.01754909772090077	0.08939268900325548	-0.12543894836106262	0.12759169634022097
map_2_seed_78.tsv	-0.04142622856423498	0.013757159332271146	0.0818654313588633	0.04985991788995446	-0.1318993762380559	-0.011289125001909638
map_2_seed_96.tsv	0.05124409700017491	-0.07057360954758744	0.16276692740206694	-0.004200669052549184	-0.1914527699142591	-0.07877711715526496
map_2_seed_91.tsv	0.029884973434263554	-0.005656525583933001	0.007871001402761065	0.03353563448041332	-0.05363487304317388	-0.016604560999693083
map_2_seed_14.tsv	-0.03431235035027186	0.01241951775736394	-0.05446280194318887	0.16137149872503062	-0.16021420511357995	-0.03774782840083601
map_2_seed_37.tsv	0.012527781887338859	-0.04771968704591366	-0.0438184959212759	0.16777923197254424	-0.15912072736166963	0.1485594797618258
map_2_seed_35.tsv	-0.06966787519303938	0.01200565102888139	0.0855192395480103	-0.055319286075841426	-0.050141214957499	-0.07217136813749934
map_2_seed_36.tsv	0.023722967688194735	-0.04215139511233654	0.007538226983294005	0.1543202543690951	-0.13886051899354127	-0.05260184870251857
map_2_seed_22.tsv	-0.0009712546235010848	0.042226844958184226	0.18836731452310546	-0.27250362018695184	0.007105316527648203	-0.06210039477371574
map_2_seed_38.tsv	0.034155039045953545	-0.05573650987043591	0.15740348236455878	-0.16475769458148568	-0.01961128474419041	0.08367676817346575
map_2_seed_59.tsv	-0.06059298821070676	0.0239878848125954	0.10069252585715231	-0.06189624187051695	-0.06102629749429921	0.04515730311218773
map_2_seed_23.tsv	0.0007768898249414841	-0.04682454161501145	0.06212523860635136	0.08337688675711268	-0.15286741638246001	-0.0683198035697805
map_2_seed_8.tsv	0.013371660515561603	0.017031317605445014	0.06471522402369215	-0.03396706551576466	-0.0476184176854613	-0.016322594990981085
map_2_seed_86.tsv	0.006714666227921818	-0.02282007173242928	-0.05173830518026622	0.16526718501608811	-0.11266247101297358	-0.014901503629332258
map_2_seed_34.tsv	-0.03980393659403509	0.05325169420949279	-0.027611367059741865	0.20582361365603732	-0.27776071986474943	-0.032410182628511405
map_2_seed_33.tsv	0.019935978508136578	0.05953111863483574	0.13337998750174662	-0.008820029329778845	-0.15715009872263708	-0.06720675587501265
map_2_seed_11.tsv	-0.006586890359575931	0.04397608994030824	0.20676716359590258	-0.01867506250920121	-0.20399014340200944	0.1868745689029271
map_2_seed_79.tsv	-0.0054319908386631565	-0.03221507737535019	0.16171175721599393	-0.022857525242094986	-0.18307037460434272	-0.0823476629461701
map_2_seed_32.tsv	0.0042006257702922045	-0.04380895371476763	0.024400940503624877	-0.02167355474687037	-0.010661626003033949	-0.04108538444640541
map_2_seed_10.tsv	-0.11253716840334613	0.06301950724715506	0.27488731468788885	-0.14121296800437413	-0.2257248567614861	0.12443909296132685
map_2_seed_25.tsv	-0.09245168103243132	0.047495662856391466	0.23815927710486326	-0.14166613122421012	-0.1699056930636143	0.07143714893363441
map_2_seed_17.tsv	0.06687644193732449	0.002188591065972139	0.023523320778315638	0.012377731741982792	-0.0518795544686743	-0.04986017150851702
map_2_seed_18.tsv	0.020973730571307653	-0.026327378270758657	0.04019390701376053	-0.10578064402493073	0.057565287659567484	0.03150854245465052
map_2_seed_28.tsv	0.031007275482717592	0.05071115579474059	0.13157975312005374	-0.13459690681757755	-0.055192584727943146	-0.03922553772897198
map_2_seed_27.tsv	0.029087482197045034	-0.03826013689130158	-0.0915981378894968	0.18304807442498577	-0.08056356834907147	0.05117830507148669
map_2_seed_26.tsv	0.04793052943959	-0.0038681708470572115	-0.04834774374713058	0.17482653360380337	-0.12391649108306348	0.1277166730429643
map_2_seed_16.tsv	0.01262171317618701	-0.014971042237952505	0.12111071513489692	0.08146954265982288	-0.20781737583941082	0.02134263184879653
map_2_seed_7.tsv	0.05287101770419439	-0.06314619006184007	0.08658476664852287	0.06774224523428815	-0.16697806853757072	0.05984051225384073
map_3_1_L.tsv	-0.06907142550204716	0.11388224800644406	0.1535088660304552	0.14941705075126369	-0.24511108799138187	0.060582503104900806
map_3_3_R.tsv	-0.08371582073511173	0.04462131235323276	0.21304374358081193	-0.08469011019364107	-0.21556554440338394	-0.15111282228560483
map_3_3_L.tsv	4.9464289268032134e-05	-0.021519061618345044	0.17301447345794094	-0.0692445212997165	-0.1648895538280062	0.041795053116852235
map_3_3_A.tsv	-0.028675171927227273	0.011165564042571382	0.16590817476812547	-0.0191040847575918	-0.21581689141018326	0.03220503204795676
map_3_3_Q.tsv	-0.09359704675494553	-4.9681937968725856e-05	0.21435930255728736	-0.010404822113143168	-0.25974230125458175	-0.006909008584508962
map_3_3_M.tsv	-0.05067669773352654	-0.02957063533124437	0.18987971819571237	-0.09256841472557571	-0.16149549398661942	0.053189370368004016
map_3_3_N.tsv	-0.008152773138235753	-0.12250277069573862	0.19496894903768344	-0.060727643303712386	-0.21204110725009856	0.08365203376371674
map_3_0_L.tsv	-0.019365819957237865	0.03025603125759199	0.23314217861938574	-0.1736344745401598	-0.12819483819331687	0.10402544568836929
map_3_3_T.tsv	-0.029555786198755714	0.058427151894041976	0.08309619015016219	0.09072863040669917	-0.2205697135597122	0.025140503744328347
map_3_1_M.tsv	0.007378866739925197	0.023925887430503674	0.13880213521935472	0.1047447399954392	-0.21583557082885746	0.10656299996307454
map_3_3_V.tsv	-0.03343822283501909	-0.0023625197124125833	0.15225658107787643	0.04552262987202072	-0.24095885799946054	0.08620093021509463
map_3_2_R.tsv	-0.04151338897785251	0.03044710484201727	0.18439096096670413	-0.05712456830419729	-0.18821377798272082	0.03644285226105543
map_3_3_W.tsv	-0.07969951672093188	-0.09621012415290701	0.2564343650601566	-0.018538190267523354	-0.2995675587078807	0.1384803259043704
map_3_0_M.tsv	0.001493870311867116	0.07027977178213868	0.1934254182473138	-0.11413343853340939	-0.1435462875262298	0.08318572566600098
map_3_0_V.tsv	0.0030079008704373563	-0.023814572431513942	0.3051941398851381	-0.29566482653951753	-0.11840733333394714	-0.05408325648907922
map_3_0_S.tsv	-0.00954791959144017	0.02650639096523735	0.12174639439028574	-0.10148700410429777	-0.08050141624592586	0.01628911733070772
map_3_0_T.tsv	-0.026744353827165068	0.030886468034196108	0.2015477093366228	-0.17323691749295092	-0.13251202722783859	-0.041111530025444924
map_3_3_S.tsv	-0.0023399239856355353	-0.05511364902553256	0.08439629384497328	0.051354252664951035	-0.14030962776430644	-0.008304095366341926
map_3_2_Y.tsv	-0.022442128158227544	0.0276265119358669	0.25331819907610525	-0.15382650317679314	-0.21321060422826194	0.02340580770381319
map_3_1_F.tsv	-0.03856609408478246	0.019731491380760153	0.16697958002115373	0.09998017153177884	-0.2608217608455697	0.11511023414437864
map_3_1_I.tsv	-0.03386921889296179	0.009353201079670295	0.015381405649306696	0.18320132303863343	-0.2123965475533477	0.09118287861178397
map_3_1_H.tsv	-0.049754882259861924	0.0007740079034278627	0.10945269271080946	0.048630727899344715	-0.2042537795301431	0.004436489756379078
map_3_1_K.tsv	0.003362961012766417	0.036403153338968416	0.1171963862150289	0.07754256393959005	-0.2191393435503576	0.013847150502016466
map_3_1_G.tsv	-0.00023949455355845646	-0.057405258555446814	0.2669474212787758	-0.0304200532776233	-0.30376485375450724	0.11584785740578053
map_3_2_A.tsv	-0.06381463389789833	-0.04913118656742686	0.24846264573482843	-0.10553579641691058	-0.2050911761468054	0.061886124818940944
map_3_0_Q.tsv	-0.015735375076559484	-0.00212245713018898	0.14712455291836896	-0.06574727044861081	-0.13007995308854356	0.014356677797845607
map_3_0_F.tsv	-0.07464963335319484	-0.05776272040391074	0.024291588322866958	0.04800592327549292	-0.10727897254471862	0.009391602437761104
map_3_3_K.tsv	-0.024044343591594654	0.01408332218899093	0.19678997693656144	-0.06965505704880147	-0.19671222248872597	0.03346932660187198
map_3_1_N.tsv	-0.018106961900445195	-0.002386062461845086	0.1549528670246266	0.10077171671596219	-0.27556486783152323	0.07675610514382973
map_3_0_W.tsv	-0.03705454113436528	0.12584347170478188	0.13777174686593083	-0.03196141015292961	-0.1701349590203257	0.12842553384955835
map_3_2_T.tsv	0.018906114382773374	-0.011351564435146294	0.15377811416604267	-0.003059871951171751	-0.2023101646214137	0.07450017506608084
map_3_2_V.tsv	-0.03981019427254805	-0.005780367951493764	0.11339584957752818	0.007298662255142412	-0.14015711744650303	0.01657900285411006
map_3_2_W.tsv	-0.037628328581591784	0.011737256513900063	0.22844254293954636	-0.17056487988479382	-0.15762047694264963	0.050701332763242415
map_3_0_P.tsv	-0.00036776195025781577	-0.0375359041714076	0.12878002370704253	0.0239663633937226	-0.1813183265135151	0.00918461202621727
map_3_1_R.tsv	0.010589346369493687	0.04536571601587225	0.0689150401429555	0.16295574425480883	-0.2383360946210022	0.039359821460383755
map_3_2_F.tsv	-0.07523553094799004	0.01070976793999343	0.1341929153957387	0.012583180665759556	-0.2212455779150534	0.0416480471313448
map_3_2_S.tsv	-0.007529935794975287	-0.0270501740661877	0.12471710123311758	0.04728594317606971	-0.20116796102013768	0.006293493213276096
map_3_1_S.tsv	-0.056165771997561786	0.0015351136600155824	0.10029382126456024	0.14764882688598305	-0.25434225131550237	0.05387951685238158
map_3_1_E.tsv	0.00047619591777021096	0.010950461235254838	0.18663793755820643	-0.028065160248333502	-0.1945580345214682	0.08903650846131428
map_3_3_P.tsv	-0.0267925729539929	-0.036385555496230085	0.25146064964952614	-0.05534523596680684	-0.24589523971768407	0.2523553111034125
map_3_1_P.tsv	-0.01114449635420614	0.02972731076690349	0.2629738372056681	-0.0904856539768209	-0.25704901807530756	0.16223607166210396
map_3_1_Q.tsv	-0.002367740771784001	0.03631668113169686	0.13910809227523127	0.019402875150647994	-0.19081172622441533	0.11950187494777338
map_3_2_M.tsv	-0.027705517822862204	-0.02972016503819242	0.09756478365124503	0.10319383017729823	-0.24320829606556768	0.026768488156552743
map_3_0_N.tsv	0.014135962367975015	0.009892602566220989	0.15111255841370017	-0.2127065022636103	-0.037784936137803406	0.0029419364224490055
map_3_3_C.tsv	-0.02603915310778059	0.025884566117111353	0.13669674136132204	-0.0011985195546604295	-0.17298169629515037	0.09526065999074512
map_3_2_G.tsv	-0.15880843801822594	-0.021501532171124993	0.16062188461719037	0.018629002698998646	-0.2274144215546027	0.09004320869679543
map_3_0_A.tsv	-0.0345189475295805	0.050966429454441825	0.2735239380658862	-0.24878796525693217	-0.15604221791140196	0.0331212282723458
map_3_2_C.tsv	-0.029538257030728796	-0.0058855355971097634	0.07824392701727698	0.13087508743936413	-0.26101218294196404	0.07559600154990113
map_3_2_E.tsv	-0.02867010991759863	-0.01932979699901663	0.29005459725975313	-0.18898118838776987	-0.2384546824088976	0.26400045347769063
map_3_0_C.tsv	-0.055134957269286446	-0.027732835863297424	0.09575650643613372	-0.027579643476635267	-0.10855831375221071	0.08455594644232788
map_3_0_K.tsv	-0.013827441523048212	0.0074466041037002445	0.14529616601586934	-0.06505202965227255	-0.13075047547853694	-0.029562760652263292
map_3_2_D.tsv	-0.06120860414794434	-0.06754224660399814	0.2787399936935838	-0.1683850765511552	-0.23994359261777753	-0.010889544343135453
map_3_3_Y.tsv	-0.005112418365054669	0.04115227528730365	0.1827684570080756	-0.03141427371260885	-0.20738779490103565	0.05566207306907383
map_3_1_C.tsv	-0.053298976622120325	-0.06610804017266893	-0.026326219011749738	0.3005405680394582	-0.26400721636352487	0.08947219464817906
map_3_1_D.tsv	-0.018199849169823874	-0.005916118878343646	0.1534340585986119	0.02864317942907311	-0.22037286566842074	0.1519401736542346
map_3_0_G.tsv	-0.04967477780374525	-0.03896386692089767	0.1135236557027367	-0.09223960044881173	-0.07905198433998153	0.1399584630664648
map_3_1_W.tsv	-0.010029071461740011	0.06033991566687481	0.13879085844689865	0.053818933747073826	-0.21941064964414497	0.07284859283810594
map_3_0_I.tsv	0.018168150096305635	-0.00771500180204247	0.21341986381546021	-0.18238589849516432	-0.11863081523629701	-0.041285173192116234
map_3_2_K.tsv	-0.07578622005796039	0.041856894482940554	0.25384181858531224	-0.17869097861042002	-0.17135453413800203	0.10122685374592759
map_3_2_Q.tsv	-0.026319124861746486	-0.028407786027422485	0.2631523593879374	-0.2333273794665027	-0.14522094191732204	0.20732426652906438
map_3_1_Y.tsv	-0.03160978054618321	-0.015655055261259244	0.13376587645661403	0.09976584010311178	-0.25556453419862796	0.09938114092161958
map_3_2_I.tsv	-0.024878366028657513	0.0003503440056734794	0.16717670910495422	-0.08909935216680788	-0.15006022467324806	0.036454557420631854
map_3_2_P.tsv	-0.05715930982300685	0.07604502648622673	0.225746756591929	-0.11298829061238319	-0.19850148323509964	0.09623954141367476
map_3_2_N.tsv	-0.028055582953980102	0.04077646339840372	0.14234355122297085	0.02622759498945216	-0.19109876719690116	-0.0400909498003599
map_3_3_E.tsv	-0.11433810468245738	-0.01924288021543306	0.18827638542553907	-0.10432587246592827	-0.1689144435373933	0.06814492675554389
map_3_3_D.tsv	-0.07362449920684819	-0.023606007744869373	0.13758037781540208	0.014880616056615855	-0.19584003755333562	0.037179858285087665
map_3_0_H.tsv	-0.13073675889192674	-0.02818037261951269	0.11381272842809773	0.015234251703011004	-0.15601985860381157	0.04333844137112765
map_3_1_V.tsv	-0.004981017033106901	-0.033371245455705134	0.0023107925801477817	0.21707725305539458	-0.220937642693441	0.09896439747463606
map_3_2_L.tsv	-0.056646674239354766	-0.005985405887956556	0.20640154186189302	-0.059222819156578704	-0.20677257852174705	0.05080208138172254
map_3_1_T.tsv	-0.02545442086364326	0.015525892835995576	0.1676566457044726	0.08415735175273449	-0.24758404449968352	0.06201924569481302
map_3_3_G.tsv	-0.0625482819445355	0.07901771029649289	0.11631817780894313	0.07259442886249297	-0.28306933169142273	0.09637100003905465
map_3_3_F.tsv	-0.04032570498158333	-0.09591858924522734	0.2466956908686638	-0.0758880459353898	-0.25557647026681024	0.0622232629758442
map_3_0_D.tsv	0.02472576445812486	0.03330984139130599	0.14877579088877463	-0.035932179181961156	-0.1527567507182484	-0.009835115049802341
map_3_3_I.tsv	-0.0423250309934251	0.02943060369312785	0.1588129052853261	-0.0007080037315328431	-0.19391220934854855	0.02679562668487017
map_3_3_H.tsv	-0.11490391765871194	-0.13915254754202364	0.21189427128637806	-0.058127918558614	-0.2288230454672709	0.07463712959753027
map_3_0_E.tsv	-0.02431263748033433	0.024025496573826556	0.19766177459742043	-0.19628064787526409	-0.11862843399284434	-0.018481090989283997
map_3_0_Y.tsv	-0.06362847088213822	0.03889459320029977	0.07208277512590743	0.05796298752993372	-0.17122411848313057	0.019502457606006374
map_3_2_H.tsv	-0.129978973304225	0.06942350268274969	0.22057004857461654	-0.09307734611529045	-0.1811739739455432	0.11014841755575003
map_3_0_R.tsv	-0.0025816859540924186	-0.05168716183924811	0.07293445635040792	-0.001534240758746186	-0.09204875669829972	-0.01668353972387173
map_3_1_A.tsv	-0.01799150376470573	-0.008260807805586606	0.09713683223242967	0.10719543938343505	-0.2170414849990057	0.04702408156591794
map_2_seed_24.tsv	-0.0517727113118449	0.06821006666843789	0.17471281157174073	-0.03620342396331817	-0.173414862798247	0.030297956290097953
